0.0 5.48313801e-06
5.0 4.36067103e-06
10.0 3.80994675e-06
15.0 3.16855085e-06
20.0 3.02755211e-06
25.0 3.19888863e-06
30.0 3.48828848e-06
35.0 4.34806725e-06
40.0 4.98326381e-06
45.0 6.10949064e-06
50.0 6.80296353e-06
55.0 7.75011358e-06
60.0 8.09049834e-06
65.0 8.34053299e-06
70.0 8.23833398e-06
75.0 7.69987582e-06
80.0 7.1882605e-06
85.0 6.18862941e-06
90.0 5.3860922e-06
95.0 4.30367754e-06
100.0 3.75033574e-06
105.0 3.12713132e-06
110.0 2.94001984e-06
115.0 3.07758933e-06
120.0 3.40554925e-06
125.0 4.26282122e-06
130.0 4.9082073e-06
135.0 6.14588635e-06
140.0 6.77376784e-06
145.0 7.74472937e-06
150.0 8.09640096e-06
155.0 8.36652816e-06
160.0 8.27535041e-06
165.0 7.60008197e-06
170.0 7.26011558e-06
175.0 6.18190325e-06
180.0 5.47124682e-06
185.0 4.21626055e-06
190.0 3.76577009e-06
195.0 3.14289218e-06
200.0 2.97103429e-06
205.0 3.09943903e-06
210.0 3.42466546e-06
215.0 4.24178279e-06
220.0 4.94831511e-06
225.0 6.03922354e-06
230.0 6.77682056e-06
235.0 7.67502661e-06
240.0 8.08821915e-06
245.0 8.35708488e-06
250.0 8.2724282e-06
255.0 7.73992906e-06
260.0 7.26451162e-06
265.0 6.26269002e-06
270.0 5.50120376e-06
275.0 4.41541488e-06
280.0 3.83219776e-06
285.0 3.22065921e-06
290.0 3.0450351e-06
295.0 3.16999694e-06
300.0 3.48191543e-06
305.0 4.38799407e-06
310.0 4.9620935e-06
315.0 6.21190702e-06
320.0 6.84973975e-06
325.0 7.74415184e-06
330.0 8.1221342e-06
335.0 8.37830976e-06
340.0 8.27362419e-06
345.0 7.75487661e-06
350.0 7.24305801e-06
355.0 6.13387101e-06
