0.0 1.50726746e-05
5.0 1.47315204e-05
10.0 1.42310928e-05
15.0 1.29576629e-05
20.0 1.20789982e-05
25.0 1.04251294e-05
30.0 9.6365311e-06
35.0 8.43583075e-06
40.0 7.89363094e-06
45.0 7.76602519e-06
50.0 7.82022016e-06
55.0 8.74449597e-06
60.0 9.42778024e-06
65.0 1.06585621e-05
70.0 1.17103345e-05
75.0 1.31263541e-05
80.0 1.38728492e-05
85.0 1.4584054e-05
90.0 1.4747664e-05
95.0 1.44326887e-05
100.0 1.39426484e-05
105.0 1.27895491e-05
110.0 1.18085154e-05
115.0 1.02519352e-05
120.0 9.33424508e-06
125.0 8.17066484e-06
130.0 7.716867e-06
135.0 7.48607272e-06
140.0 7.68010068e-06
145.0 8.55643339e-06
150.0 9.24889446e-06
155.0 1.06614207e-05
160.0 1.16933816e-05
165.0 1.33842295e-05
170.0 1.38686255e-05
175.0 1.46487782e-05
180.0 1.48059598e-05
185.0 1.44535006e-05
190.0 1.4053956e-05
195.0 1.28739484e-05
200.0 1.19757942e-05
205.0 1.05250756e-05
210.0 9.5963278e-06
215.0 8.44475016e-06
220.0 7.96155928e-06
225.0 7.74097316e-06
230.0 7.93561503e-06
235.0 8.71852626e-06
240.0 9.48211982e-06
245.0 1.09628472e-05
250.0 1.19429778e-05
255.0 1.34988168e-05
260.0 1.41455803e-05
265.0 1.49326779e-05
270.0 1.51164504e-05
275.0 1.48790723e-05
280.0 1.43724374e-05
285.0 1.3245105e-05
290.0 1.22942256e-05
295.0 1.07952765e-05
300.0 9.87052317e-06
305.0 8.64855792e-06
310.0 8.22717811e-06
315.0 8.00448743e-06
320.0 8.17258024e-06
325.0 8.96058282e-06
330.0 9.68542918e-06
335.0 1.11396821e-05
340.0 1.20829773e-05
345.0 1.34966504e-05
350.0 1.41945575e-05
355.0 1.49519583e-05
