0.0 0.00015607466
5.0 0.00024807427
10.0 0.000325900386
15.0 0.000485702185
20.0 0.000578421925
25.0 0.000730126689
30.0 0.000793285726
35.0 0.000865475158
40.0 0.000874271558
45.0 0.00083661516
50.0 0.000777662208
55.0 0.00063966756
60.0 0.000552622485
65.0 0.000402633188
70.0 0.000305118563
75.0 0.000193914078
80.0 0.000148813037
85.0 0.000132556117
90.0 0.000159289644
95.0 0.000250149547
100.0 0.000329132949
105.0 0.000478063739
110.0 0.000584861613
115.0 0.00073128083
120.0 0.000804738957
125.0 0.000874690129
130.0 0.000884216453
135.0 0.000840568042
140.0 0.000787964847
145.0 0.000656178338
150.0 0.000567213749
155.0 0.000413202768
160.0 0.00031610654
165.0 0.000181517637
170.0 0.000152627195
175.0 0.000132443398
180.0 0.000154964873
185.0 0.000261485635
190.0 0.000326424022
195.0 0.000479396142
200.0 0.000577441184
205.0 0.000722034718
210.0 0.000794347201
215.0 0.000860465982
220.0 0.00087072741
225.0 0.000835592102
230.0 0.000777429494
235.0 0.000655239273
240.0 0.000558731554
245.0 0.000399652374
250.0 0.0003072416
255.0 0.0001883644
260.0 0.000148821637
265.0 0.000130290529
270.0 0.000154940324
275.0 0.00024464156
280.0 0.000328817288
285.0 0.000475471257
290.0 0.00058305217
295.0 0.000729267078
300.0 0.000802459719
305.0 0.000874104386
310.0 0.000882971333
315.0 0.000839695102
320.0 0.000785968034
325.0 0.000658775389
330.0 0.000565438531
335.0 0.000403708487
340.0 0.000311505981
345.0 0.00019504223
350.0 0.00015034902
355.0 0.000132771398
