0.0 4.76378318e-06
5.0 4.86786439e-06
10.0 4.96147868e-06
15.0 5.14218391e-06
20.0 5.23523431e-06
25.0 5.40227848e-06
30.0 5.46705314e-06
35.0 5.54993312e-06
40.0 5.56486157e-06
45.0 5.51837138e-06
50.0 5.45485454e-06
55.0 5.2966634e-06
60.0 5.19799369e-06
65.0 5.03376032e-06
70.0 4.93264179e-06
75.0 4.79959726e-06
80.0 4.7415615e-06
85.0 4.71167277e-06
90.0 4.74472108e-06
95.0 4.8343627e-06
100.0 4.91085893e-06
105.0 5.06603055e-06
110.0 5.18380693e-06
115.0 5.34184483e-06
120.0 5.4187708e-06
125.0 5.50421828e-06
130.0 5.5170176e-06
135.0 5.4760003e-06
140.0 5.41785357e-06
145.0 5.27734073e-06
150.0 5.1818015e-06
155.0 5.01895056e-06
160.0 4.90596358e-06
165.0 4.77230878e-06
170.0 4.75001389e-06
175.0 4.7301296e-06
180.0 4.7537992e-06
185.0 4.87628131e-06
190.0 4.93881635e-06
195.0 5.11566532e-06
200.0 5.2255682e-06
205.0 5.3796698e-06
210.0 5.46306637e-06
215.0 5.54228245e-06
220.0 5.55737415e-06
225.0 5.52515485e-06
230.0 5.46066349e-06
235.0 5.3259987e-06
240.0 5.22074606e-06
245.0 5.03856836e-06
250.0 4.94058986e-06
255.0 4.79471419e-06
260.0 4.75439128e-06
265.0 4.72693364e-06
270.0 4.75028128e-06
275.0 4.84084694e-06
280.0 4.93647121e-06
285.0 5.08736866e-06
290.0 5.20762842e-06
295.0 5.36445941e-06
300.0 5.4408597e-06
305.0 5.52515212e-06
310.0 5.53091604e-06
315.0 5.49337437e-06
320.0 5.43538727e-06
325.0 5.30162197e-06
330.0 5.19178002e-06
335.0 5.01009072e-06
340.0 4.92618665e-06
345.0 4.79906475e-06
350.0 4.74561921e-06
355.0 4.73101727e-06
