0.0 2.09585032e-05
5.0 3.22578489e-05
10.0 4.17812844e-05
15.0 6.19059647e-05
20.0 7.33107881e-05
25.0 9.24182168e-05
30.0 0.000100608369
35.0 0.000110029403
40.0 0.000111291345
45.0 0.000107348373
50.0 0.000100380043
55.0 8.33275262e-05
60.0 7.24226848e-05
65.0 5.3674732e-05
70.0 4.11076071e-05
75.0 2.67910364e-05
80.0 2.08705587e-05
85.0 1.81485721e-05
90.0 2.09426689e-05
95.0 3.17918639e-05
100.0 4.17047122e-05
105.0 5.94450321e-05
110.0 7.26860017e-05
115.0 9.08349684e-05
120.0 9.99728727e-05
125.0 0.000108941742
130.0 0.00011048701
135.0 0.00010576404
140.0 9.96107192e-05
145.0 8.34839448e-05
150.0 7.27158622e-05
155.0 5.3295571e-05
160.0 4.13786329e-05
165.0 2.44136208e-05
170.0 2.08166002e-05
175.0 1.79703111e-05
180.0 2.06360055e-05
185.0 3.36534358e-05
190.0 4.16759976e-05
195.0 6.11879514e-05
200.0 7.35543726e-05
205.0 9.15372293e-05
210.0 0.000101036458
215.0 0.000110172514
220.0 0.000111664165
225.0 0.000107363849
230.0 0.000100638572
235.0 8.51017467e-05
240.0 7.35145513e-05
245.0 5.36216394e-05
250.0 4.19436146e-05
255.0 2.62722133e-05
260.0 2.0941472e-05
265.0 1.78770497e-05
270.0 2.06457389e-05
275.0 3.13436176e-05
280.0 4.12031732e-05
285.0 5.97802937e-05
290.0 7.28132363e-05
295.0 9.07541107e-05
300.0 0.000100119287
305.0 0.000109473578
310.0 0.000110858033
315.0 0.000106016952
320.0 9.96265735e-05
325.0 8.37626067e-05
330.0 7.24314232e-05
335.0 5.25088872e-05
340.0 4.06276049e-05
345.0 2.6353071e-05
350.0 2.06742188e-05
355.0 1.82549811e-05
