0.0 3.17126578e-05
5.0 5.23433955e-05
10.0 7.0205635e-05
15.0 0.000106211075
20.0 0.00012685667
25.0 0.000161068849
30.0 0.000175625551
35.0 0.000192332634
40.0 0.000194466193
45.0 0.000186374207
50.0 0.00017361973
55.0 0.000143089273
60.0 0.000123546924
65.0 8.90402152e-05
70.0 6.67503846e-05
75.0 4.1483323e-05
80.0 3.09255374e-05
85.0 2.64397404e-05
90.0 3.1780055e-05
95.0 5.19995046e-05
100.0 6.93407928e-05
105.0 0.000102130973
110.0 0.000126159124
115.0 0.000158770708
120.0 0.000175021865
125.0 0.000190526785
130.0 0.000192869367
135.0 0.000183941593
140.0 0.000172473432
145.0 0.000143406476
150.0 0.000123636317
155.0 8.86459966e-05
160.0 6.73278191e-05
165.0 3.74233641e-05
170.0 3.10206851e-05
175.0 2.61655186e-05
180.0 3.13075579e-05
185.0 5.53641403e-05
190.0 6.99583543e-05
195.0 0.000104804378
200.0 0.000127426712
205.0 0.000159836563
210.0 0.000176386151
215.0 0.000192263018
220.0 0.00019500911
225.0 0.000187326776
230.0 0.00017481028
235.0 0.00014689262
240.0 0.000125630104
245.0 8.76453196e-05
250.0 6.84296829e-05
255.0 4.05524734e-05
260.0 3.11949698e-05
265.0 2.59913122e-05
270.0 3.11322874e-05
275.0 5.01707145e-05
280.0 6.91074893e-05
285.0 0.000102294798
290.0 0.000125289065
295.0 0.000158376133
300.0 0.00017458119
305.0 0.000191248706
310.0 0.000193693006
315.0 0.000184792501
320.0 0.000172924832
325.0 0.000144717371
330.0 0.00012427289
335.0 8.78465798e-05
340.0 6.74083567e-05
345.0 4.11353503e-05
350.0 3.08277849e-05
355.0 2.6686781e-05
