0.0 7.34637506e-05
5.0 0.000124315295
10.0 0.000168355618
15.0 0.000259211753
20.0 0.000309197669
25.0 0.000395201583
30.0 0.000430579094
35.0 0.000470525905
40.0 0.000475903944
45.0 0.000455679867
50.0 0.000424099882
55.0 0.000348517351
60.0 0.000299882668
65.0 0.000216807181
70.0 0.000160938027
75.0 9.48152083e-05
80.0 7.16044669e-05
85.0 6.05267633e-05
90.0 7.43876517e-05
95.0 0.000122598896
100.0 0.000166841492
105.0 0.000248073717
110.0 0.00030905797
115.0 0.000388560351
120.0 0.000430392014
125.0 0.000469410326
130.0 0.000475309207
135.0 0.000453022541
140.0 0.000425230712
145.0 0.000352776551
150.0 0.000301770488
155.0 0.000217985653
160.0 0.000163317251
165.0 8.87166607e-05
170.0 7.22751793e-05
175.0 6.03038643e-05
180.0 7.26630024e-05
185.0 0.000131933499
190.0 0.000168821454
195.0 0.000253903389
200.0 0.000309271622
205.0 0.000388337212
210.0 0.000430341956
215.0 0.000470184168
220.0 0.000476949092
225.0 0.000457288668
230.0 0.000424853613
235.0 0.000357007026
240.0 0.00030335132
245.0 0.000213575782
250.0 0.000162364682
255.0 9.43970299e-05
260.0 7.12650071e-05
265.0 5.96646132e-05
270.0 7.29683161e-05
275.0 0.000120323661
280.0 0.000165894497
285.0 0.000249099627
290.0 0.000307224342
295.0 0.000387525215
300.0 0.000430527958
305.0 0.000470733503
310.0 0.000475671637
315.0 0.000452805776
320.0 0.000423854217
325.0 0.000353047712
330.0 0.000300729502
335.0 0.000210182698
340.0 0.000159281699
345.0 9.50486283e-05
350.0 7.07115978e-05
355.0 6.11194191e-05
