0.0 8.19194099e-07
5.0 8.21071694e-07
10.0 8.25178972e-07
15.0 8.3758249e-07
20.0 8.37520645e-07
25.0 8.4440461e-07
30.0 8.39623567e-07
35.0 8.47366664e-07
40.0 8.44673139e-07
45.0 8.4705016e-07
50.0 8.50900904e-07
55.0 8.34548075e-07
60.0 8.30004353e-07
65.0 8.24847291e-07
70.0 8.23559219e-07
75.0 8.16214936e-07
80.0 8.16030308e-07
85.0 8.12118003e-07
90.0 8.15599719e-07
95.0 8.21582717e-07
100.0 8.24201209e-07
105.0 8.26395137e-07
110.0 8.32161106e-07
115.0 8.3993865e-07
120.0 8.41607061e-07
125.0 8.44310762e-07
130.0 8.42583972e-07
135.0 8.43053613e-07
140.0 8.35483263e-07
145.0 8.36467677e-07
150.0 8.28322527e-07
155.0 8.25839436e-07
160.0 8.24537778e-07
165.0 8.21136496e-07
170.0 8.19737977e-07
175.0 8.15389456e-07
180.0 8.231724e-07
185.0 8.12865949e-07
190.0 8.26574421e-07
195.0 8.32841408e-07
200.0 8.32204137e-07
205.0 8.41420615e-07
210.0 8.39483732e-07
215.0 8.42052543e-07
220.0 8.46258331e-07
225.0 8.3911641e-07
230.0 8.41366727e-07
235.0 8.31550608e-07
240.0 8.29096223e-07
245.0 8.2709272e-07
250.0 8.20765536e-07
255.0 8.1893819e-07
260.0 8.13695124e-07
265.0 8.20447042e-07
270.0 8.14302325e-07
275.0 8.18237254e-07
280.0 8.20793389e-07
285.0 8.32750288e-07
290.0 8.31283728e-07
295.0 8.39126358e-07
300.0 8.39037284e-07
305.0 8.46252817e-07
310.0 8.45997192e-07
315.0 8.45422846e-07
320.0 8.41483427e-07
325.0 8.37065329e-07
330.0 8.30305112e-07
335.0 8.25541065e-07
340.0 8.19970069e-07
345.0 8.17085777e-07
350.0 8.16850104e-07
355.0 8.20614105e-07
