0.0 2.46208151e-06
5.0 2.48395963e-06
10.0 2.50621429e-06
15.0 2.54277347e-06
20.0 2.56528733e-06
25.0 2.60327488e-06
30.0 2.61597347e-06
35.0 2.63187735e-06
40.0 2.63481411e-06
45.0 2.62420599e-06
50.0 2.61018295e-06
55.0 2.57542206e-06
60.0 2.55121086e-06
65.0 2.51112351e-06
70.0 2.48381525e-06
75.0 2.46009313e-06
80.0 2.44761304e-06
85.0 2.44207627e-06
90.0 2.44569742e-06
95.0 2.46720924e-06
100.0 2.48702418e-06
105.0 2.52317272e-06
110.0 2.54997485e-06
115.0 2.58139153e-06
120.0 2.59572789e-06
125.0 2.61346258e-06
130.0 2.6188568e-06
135.0 2.60790466e-06
140.0 2.59567969e-06
145.0 2.56147791e-06
150.0 2.54255451e-06
155.0 2.50696803e-06
160.0 2.48618767e-06
165.0 2.45715069e-06
170.0 2.4503056e-06
175.0 2.44875014e-06
180.0 2.45224851e-06
185.0 2.48185938e-06
190.0 2.50141056e-06
195.0 2.53780877e-06
200.0 2.56179237e-06
205.0 2.59652143e-06
210.0 2.61537139e-06
215.0 2.62949902e-06
220.0 2.62921935e-06
225.0 2.62009576e-06
230.0 2.60568845e-06
235.0 2.57842544e-06
240.0 2.55163309e-06
245.0 2.51520214e-06
250.0 2.49153345e-06
255.0 2.46028389e-06
260.0 2.45261731e-06
265.0 2.44919852e-06
270.0 2.45513206e-06
275.0 2.47808521e-06
280.0 2.49618711e-06
285.0 2.52846053e-06
290.0 2.55520376e-06
295.0 2.58833279e-06
300.0 2.60330535e-06
305.0 2.62378035e-06
310.0 2.62629283e-06
315.0 2.61791001e-06
320.0 2.60654497e-06
325.0 2.57458191e-06
330.0 2.5494287e-06
335.0 2.51024744e-06
340.0 2.48872948e-06
345.0 2.46827017e-06
350.0 2.45250044e-06
355.0 2.4569265e-06
