0.0 1.06736634e-05
5.0 9.17260149e-06
10.0 8.19510842e-06
15.0 6.38612801e-06
20.0 5.39211987e-06
25.0 3.64934613e-06
30.0 2.86124146e-06
35.0 1.70616909e-06
40.0 1.28641705e-06
45.0 1.03101331e-06
50.0 1.19319839e-06
55.0 1.98419434e-06
60.0 2.66283359e-06
65.0 4.04684306e-06
70.0 5.22268283e-06
75.0 7.06368837e-06
80.0 8.25478855e-06
85.0 9.95707705e-06
90.0 1.10865485e-05
95.0 1.23958989e-05
100.0 1.30057151e-05
105.0 1.37134775e-05
110.0 1.40031943e-05
115.0 1.41858527e-05
120.0 1.41909977e-05
125.0 1.40704742e-05
130.0 1.39660351e-05
135.0 1.37723082e-05
140.0 1.36767139e-05
145.0 1.35205637e-05
150.0 1.34251777e-05
155.0 1.3227499e-05
160.0 1.30239741e-05
165.0 1.24480512e-05
170.0 1.21595413e-05
175.0 1.12352836e-05
180.0 1.05365716e-05
185.0 8.89362946e-06
190.0 8.07979177e-06
195.0 6.38691517e-06
200.0 5.34182664e-06
205.0 3.77574497e-06
210.0 2.86458658e-06
215.0 1.75741854e-06
220.0 1.28320448e-06
225.0 1.03662842e-06
230.0 1.17989248e-06
235.0 1.87337366e-06
240.0 2.60024558e-06
245.0 4.1153794e-06
250.0 5.24369398e-06
255.0 7.26504913e-06
260.0 8.33713784e-06
265.0 1.01827009e-05
270.0 1.13090846e-05
275.0 1.26888963e-05
280.0 1.33910544e-05
285.0 1.41696501e-05
290.0 1.44959204e-05
295.0 1.47467154e-05
300.0 1.47811124e-05
305.0 1.46944531e-05
310.0 1.45936056e-05
315.0 1.43932702e-05
320.0 1.42854988e-05
325.0 1.40886859e-05
330.0 1.39611047e-05
335.0 1.36801191e-05
340.0 1.34426273e-05
345.0 1.28945148e-05
350.0 1.2433763e-05
355.0 1.13757287e-05
