0.0 4.75508205e-06
5.0 3.55409725e-06
10.0 2.92210734e-06
15.0 1.93321534e-06
20.0 1.46850743e-06
25.0 7.52979929e-07
30.0 3.17623943e-07
35.0 1.38644452e-07
40.0 4.95339307e-08
45.0 6.3134209e-08
50.0 1.80322573e-07
55.0 5.68041173e-07
60.0 8.69288442e-07
65.0 1.49207131e-06
70.0 2.46198601e-06
75.0 2.90811022e-06
80.0 3.52282632e-06
85.0 4.52225049e-06
90.0 5.28545888e-06
95.0 6.43493104e-06
100.0 7.01561657e-06
105.0 7.99957252e-06
110.0 8.61848639e-06
115.0 9.44274871e-06
120.0 9.85183488e-06
125.0 1.03354632e-05
130.0 1.04882511e-05
135.0 1.05342888e-05
140.0 1.04362962e-05
145.0 1.00299967e-05
150.0 9.69559369e-06
155.0 8.96208894e-06
160.0 8.35731862e-06
165.0 7.12402152e-06
170.0 6.68223265e-06
175.0 5.50591631e-06
180.0 4.78248967e-06
185.0 3.49209699e-06
190.0 2.96534108e-06
195.0 2.01079024e-06
200.0 1.51141899e-06
205.0 8.32424746e-07
210.0 5.09692711e-07
215.0 1.65582875e-07
220.0 4.57751099e-08
225.0 4.49565896e-08
230.0 1.71157808e-07
235.0 4.97169822e-07
240.0 8.18036085e-07
245.0 1.47253445e-06
250.0 1.96800602e-06
255.0 2.92588265e-06
260.0 3.46998172e-06
265.0 4.51217147e-06
270.0 5.2627629e-06
275.0 6.35233619e-06
280.0 7.0568326e-06
285.0 8.06355092e-06
290.0 8.68063489e-06
295.0 9.49809692e-06
300.0 9.90344779e-06
305.0 1.0420581e-05
310.0 1.05589761e-05
315.0 1.06127527e-05
320.0 1.05125255e-05
325.0 1.01128326e-05
330.0 9.74914383e-06
335.0 8.96349229e-06
340.0 8.38259712e-06
345.0 7.33690331e-06
350.0 6.63655828e-06
355.0 5.41442159e-06
