0.0 0.00019978678
5.0 0.000297116232
10.0 0.000381533959
15.0 0.000548490731
20.0 0.000643643725
25.0 0.000803382834
30.0 0.00086817675
35.0 0.000943024526
40.0 0.000951607537
45.0 0.000909305119
50.0 0.000847203541
55.0 0.000701555051
60.0 0.000608860108
65.0 0.000452474167
70.0 0.000350437331
75.0 0.000236340537
80.0 0.00019053719
85.0 0.000175124398
90.0 0.000205030941
95.0 0.000300149433
100.0 0.000386071973
105.0 0.000541727233
110.0 0.000653359049
115.0 0.000806211727
120.0 0.000882567139
125.0 0.000952713366
130.0 0.000960446603
135.0 0.000914419303
140.0 0.00085906079
145.0 0.000718659023
150.0 0.000624866574
155.0 0.000464638695
160.0 0.000361623534
165.0 0.000224095769
170.0 0.000195429471
175.0 0.000176318295
180.0 0.000200614915
185.0 0.000313745346
190.0 0.000381633145
195.0 0.000541481364
200.0 0.000646625122
205.0 0.000791690312
210.0 0.000869724143
215.0 0.000939371996
220.0 0.000947908382
225.0 0.000906885602
230.0 0.00084423786
235.0 0.000714969821
240.0 0.00061311631
245.0 0.000452151668
250.0 0.000355822354
255.0 0.000231449478
260.0 0.00019207719
265.0 0.000173102031
270.0 0.000200800714
275.0 0.000293970312
280.0 0.000386476633
285.0 0.000543159316
290.0 0.000653020339
295.0 0.000804348034
300.0 0.000878356164
305.0 0.000951822905
310.0 0.000960120931
315.0 0.00091577362
320.0 0.000859654916
325.0 0.000724737125
330.0 0.000624497305
335.0 0.000454557827
340.0 0.000355695287
345.0 0.000236738182
350.0 0.000190893159
355.0 0.000174061337
