0.0 1.18139396e-05
5.0 1.55270045e-05
10.0 1.85694116e-05
15.0 2.49122168e-05
20.0 2.85048445e-05
25.0 3.44606487e-05
30.0 3.72293143e-05
35.0 3.99232413e-05
40.0 4.07987391e-05
45.0 3.90693676e-05
50.0 3.67868415e-05
55.0 3.17601771e-05
60.0 2.8071101e-05
65.0 2.21107894e-05
70.0 1.82004642e-05
75.0 1.36788394e-05
80.0 1.17514701e-05
85.0 1.08709901e-05
90.0 1.17391028e-05
95.0 1.51038139e-05
100.0 1.81406849e-05
105.0 2.37409477e-05
110.0 2.78752705e-05
115.0 3.35421901e-05
120.0 3.66106033e-05
125.0 3.94292656e-05
130.0 4.00009158e-05
135.0 3.83848928e-05
140.0 3.64247753e-05
145.0 3.15777215e-05
150.0 2.8100796e-05
155.0 2.2175127e-05
160.0 1.8235065e-05
165.0 1.29119435e-05
170.0 1.17725458e-05
175.0 1.08763579e-05
180.0 1.17083473e-05
185.0 1.57636696e-05
190.0 1.84379242e-05
195.0 2.45875071e-05
200.0 2.86077193e-05
205.0 3.42742824e-05
210.0 3.74867886e-05
215.0 4.031965e-05
220.0 4.09414606e-05
225.0 3.94261515e-05
230.0 3.7222635e-05
235.0 3.253248e-05
240.0 2.86987924e-05
245.0 2.22929084e-05
250.0 1.85274439e-05
255.0 1.36181798e-05
260.0 1.1893515e-05
265.0 1.08763497e-05
270.0 1.17416976e-05
275.0 1.51630411e-05
280.0 1.8156903e-05
285.0 2.39786823e-05
290.0 2.81789871e-05
295.0 3.38869104e-05
300.0 3.65911001e-05
305.0 3.97772492e-05
310.0 4.01346842e-05
315.0 3.88986628e-05
320.0 3.67625798e-05
325.0 3.17677259e-05
330.0 2.82151541e-05
335.0 2.17162305e-05
340.0 1.81418491e-05
345.0 1.34819138e-05
350.0 1.17402697e-05
355.0 1.09596094e-05
