0.0 0.000194859225
5.0 0.000256616768
10.0 0.000383175298
15.0 0.000457986986
20.0 0.000581361528
25.0 0.00063259172
30.0 0.000689357868
35.0 0.00069694547
40.0 0.00066623895
45.0 0.00062031718
50.0 0.000510521932
55.0 0.000440836302
60.0 0.000321333675
65.0 0.000242071954
70.0 0.000151421278
75.0 0.000115830881
80.0 0.000101103411
85.0 0.000122226804
90.0 0.000192012347
95.0 0.000257858483
100.0 0.000375644013
105.0 0.00045935763
110.0 0.000578142179
115.0 0.000637292163
120.0 0.000693245267
125.0 0.000701420882
130.0 0.000668433902
135.0 0.000627174741
140.0 0.00052078109
145.0 0.000451160449
150.0 0.000327300426
155.0 0.000248315104
160.0 0.000141499826
165.0 0.000118485499
170.0 0.000101093574
175.0 0.000119000775
180.0 0.000202310883
185.0 0.000255014107
190.0 0.000377994147
195.0 0.000459183299
200.0 0.000571442011
205.0 0.000631195377
210.0 0.000687661697
215.0 0.000696693372
220.0 0.000668727967
225.0 0.00062280352
230.0 0.000524037227
235.0 0.000447661121
240.0 0.000320139166
245.0 0.000245212083
250.0 0.000147896455
255.0 0.00011605872
260.0 9.92439163e-05
265.0 0.00011854116
270.0 0.000188188089
275.0 0.00025645853
280.0 0.000375185831
285.0 0.000461485062
290.0 0.00057674601
295.0 0.000635990291
300.0 0.000694441784
305.0 0.000701947487
310.0 0.000669828267
315.0 0.000627905829
320.0 0.000524095667
325.0 0.000448276114
330.0 0.000318270992
335.0 0.000243334725
340.0 0.000149820858
345.0 0.000115062263
350.0 0.000100167876
355.0 0.000119615645
